0 545 547
145 1345 545
147 547 1345
545 1345 547
41 755 753
353 1346 755
145 753 1346
755 1346 753
43 761 763
147 1349 761
353 763 1349
761 1349 763
145 1346 1345
353 1349 1346
147 1345 1349
1346 1349 1345
13 603 601
203 1489 603
201 601 1489
603 1489 601
97 1059 1057
354 1494 1059
203 1057 1494
1059 1494 1057
41 754 756
201 1490 754
354 756 1490
754 1490 756
203 1494 1489
354 1490 1494
201 1489 1490
1494 1490 1489
15 609 611
209 1507 609
211 611 1507
609 1507 611
43 765 762
357 1509 765
209 762 1509
765 1509 762
97 1058 1060
211 1516 1058
357 1060 1516
1058 1516 1060
209 1509 1507
357 1516 1509
211 1507 1516
1509 1516 1507
41 756 755
354 1921 756
353 755 1921
756 1921 755
97 1060 1059
357 1923 1060
354 1059 1923
1060 1923 1059
43 763 765
353 1922 763
357 765 1922
763 1922 765
354 1923 1921
357 1922 1923
353 1921 1922
1923 1922 1921
5 563 561
163 1381 563
161 561 1381
563 1381 561
59 843 841
389 1386 843
163 841 1386
843 1386 841
57 833 835
161 1382 833
389 835 1382
833 1382 835
163 1386 1381
389 1382 1386
161 1381 1382
1386 1382 1381
29 683 681
283 1705 683
281 681 1705
683 1705 681
98 1066 1064
394 1714 1066
283 1064 1714
1066 1714 1064
59 842 845
281 1707 842
394 845 1707
842 1707 845
283 1714 1705
394 1707 1714
281 1705 1707
1714 1707 1705
13 602 604
202 1491 602
204 604 1491
602 1491 604
57 836 834
390 1492 836
202 834 1492
836 1492 834
98 1063 1065
204 1496 1063
390 1065 1496
1063 1496 1065
202 1492 1491
390 1496 1492
204 1491 1496
1492 1496 1491
59 845 843
394 1958 845
389 843 1958
845 1958 843
98 1065 1066
390 1959 1065
394 1066 1959
1065 1959 1066
57 835 836
389 1957 835
390 836 1957
835 1957 836
394 1959 1958
390 1957 1959
389 1958 1957
1959 1957 1958
7 569 571
169 1399 569
171 571 1399
569 1399 571
65 875 873
407 1401 875
169 873 1401
875 1401 873
67 885 887
171 1408 885
407 887 1408
885 1408 887
169 1401 1399
407 1408 1401
171 1399 1408
1401 1408 1399
15 613 610
213 1511 613
210 610 1511
613 1511 610
101 1083 1081
409 1521 1083
213 1081 1521
1083 1521 1081
65 874 877
210 1513 874
409 877 1513
874 1513 877
213 1521 1511
409 1513 1521
210 1511 1513
1521 1513 1511
29 682 684
282 1709 682
284 684 1709
682 1709 684
67 889 886
416 1711 889
282 886 1711
889 1711 886
101 1082 1084
284 1716 1082
416 1084 1716
1082 1716 1084
282 1711 1709
416 1716 1711
284 1709 1716
1711 1716 1709
65 877 875
409 1975 877
407 875 1975
877 1975 875
101 1084 1083
416 1979 1084
409 1083 1979
1084 1979 1083
67 887 889
407 1976 887
416 889 1976
887 1976 889
409 1979 1975
416 1976 1979
407 1975 1976
1979 1976 1975
13 604 603
204 1493 604
203 603 1493
604 1493 603
98 1067 1063
497 1497 1067
204 1063 1497
1067 1497 1063
97 1057 1061
203 1495 1057
497 1061 1495
1057 1495 1061
204 1497 1493
497 1495 1497
203 1493 1495
1497 1495 1493
29 684 683
284 1713 684
283 683 1713
684 1713 683
101 1086 1082
499 1717 1086
284 1082 1717
1086 1717 1082
98 1064 1068
283 1715 1064
499 1068 1715
1064 1715 1068
284 1717 1713
499 1715 1717
283 1713 1715
1717 1715 1713
15 611 613
211 1515 611
213 613 1515
611 1515 613
97 1062 1058
498 1517 1062
211 1058 1517
1062 1517 1058
101 1081 1085
213 1522 1081
498 1085 1522
1081 1522 1085
211 1517 1515
498 1522 1517
213 1515 1522
1517 1522 1515
98 1068 1067
499 2066 1068
497 1067 2066
1068 2066 1067
101 1085 1086
498 2067 1085
499 1086 2067
1085 2067 1086
97 1061 1062
497 2065 1061
498 1062 2065
1061 2065 1062
499 2067 2066
498 2065 2067
497 2066 2065
2067 2065 2066
1 550 548
150 1351 550
148 548 1351
550 1351 548
46 777 775
359 1355 777
150 775 1355
777 1355 775
44 767 769
148 1352 767
359 769 1352
767 1352 769
150 1355 1351
359 1352 1355
148 1351 1352
1355 1352 1351
18 625 623
225 1543 625
223 623 1543
625 1543 623
103 1096 1094
363 1552 1096
225 1094 1552
1096 1552 1094
46 776 779
223 1545 776
363 779 1545
776 1545 779
225 1552 1543
363 1545 1552
223 1543 1545
1552 1545 1543
16 615 617
215 1525 615
217 617 1525
615 1525 617
44 770 768
360 1526 770
215 768 1526
770 1526 768
103 1093 1095
217 1530 1093
360 1095 1530
1093 1530 1095
215 1526 1525
360 1530 1526
217 1525 1530
1526 1530 1525
46 779 777
363 1928 779
359 777 1928
779 1928 777
103 1095 1096
360 1929 1095
363 1096 1929
1095 1929 1096
44 769 770
359 1927 769
360 770 1927
769 1927 770
363 1929 1928
360 1927 1929
359 1928 1927
1929 1927 1928
9 581 579
181 1426 581
179 579 1426
581 1426 579
77 943 941
434 1435 943
181 941 1435
943 1435 941
75 929 931
179 1428 929
434 931 1428
929 1428 931
181 1435 1426
434 1428 1435
179 1426 1428
1435 1428 1426
30 690 688
290 1727 690
288 688 1727
690 1727 688
107 1120 1118
443 1734 1120
290 1118 1734
1120 1734 1118
77 942 945
288 1729 942
443 945 1729
942 1729 945
290 1734 1727
443 1729 1734
288 1727 1729
1734 1729 1727
18 624 627
224 1547 624
227 627 1547
624 1547 627
75 933 930
436 1549 933
224 930 1549
933 1549 930
107 1117 1119
227 1557 1117
436 1119 1557
1117 1557 1119
224 1549 1547
436 1557 1549
227 1547 1557
1549 1557 1547
77 945 943
443 2003 945
434 943 2003
945 2003 943
107 1119 1120
436 2006 1119
443 1120 2006
1119 2006 1120
75 931 933
434 2002 931
436 933 2002
931 2002 933
443 2006 2003
436 2002 2006
434 2003 2002
2006 2002 2003
5 562 564
162 1383 562
164 564 1383
562 1383 564
58 839 837
391 1384 839
162 837 1384
839 1384 837
60 847 849
164 1388 847
391 849 1388
847 1388 849
162 1384 1383
391 1388 1384
164 1383 1388
1384 1388 1383
16 618 616
218 1527 618
216 616 1527
618 1527 616
104 1101 1099
392 1532 1101
218 1099 1532
1101 1532 1099
58 838 840
216 1528 838
392 840 1528
838 1528 840
218 1532 1527
392 1528 1532
216 1527 1528
1532 1528 1527
30 687 689
287 1723 687
289 689 1723
687 1723 689
60 851 848
396 1725 851
287 848 1725
851 1725 848
104 1100 1102
289 1732 1100
396 1102 1732
1100 1732 1102
287 1725 1723
396 1732 1725
289 1723 1732
1725 1732 1723
58 840 839
392 1960 840
391 839 1960
840 1960 839
104 1102 1101
396 1962 1102
392 1101 1962
1102 1962 1101
60 849 851
391 1961 849
396 851 1961
849 1961 851
392 1962 1960
396 1961 1962
391 1960 1961
1962 1961 1960
18 627 625
227 1551 627
225 625 1551
627 1551 625
107 1121 1117
504 1558 1121
227 1117 1558
1121 1558 1117
103 1094 1098
225 1553 1094
504 1098 1553
1094 1553 1098
227 1558 1551
504 1553 1558
225 1551 1553
1558 1553 1551
30 689 690
289 1731 689
290 690 1731
689 1731 690
104 1104 1100
505 1733 1104
289 1100 1733
1104 1733 1100
107 1118 1122
290 1735 1118
505 1122 1735
1118 1735 1122
289 1733 1731
505 1735 1733
290 1731 1735
1733 1735 1731
16 617 618
217 1529 617
218 618 1529
617 1529 618
103 1097 1093
503 1531 1097
217 1093 1531
1097 1531 1093
104 1099 1103
218 1533 1099
503 1103 1533
1099 1533 1103
217 1531 1529
503 1533 1531
218 1529 1533
1531 1533 1529
107 1122 1121
505 2073 1122
504 1121 2073
1122 2073 1121
104 1103 1104
503 2072 1103
505 1104 2072
1103 2072 1104
103 1098 1097
504 2071 1098
503 1097 2071
1098 2071 1097
505 2072 2073
503 2071 2072
504 2073 2071
2072 2071 2073
4 557 558
157 1369 557
158 558 1369
557 1369 558
53 811 809
377 1371 811
157 809 1371
811 1371 809
54 815 817
158 1374 815
377 817 1374
815 1374 817
157 1371 1369
377 1374 1371
158 1369 1374
1371 1374 1369
25 659 657
259 1633 659
257 657 1633
659 1633 657
121 1203 1201
379 1642 1203
259 1201 1642
1203 1642 1201
53 810 813
257 1635 810
379 813 1635
810 1635 813
259 1642 1633
379 1635 1642
257 1633 1635
1642 1635 1633
26 663 665
263 1651 663
265 665 1651
663 1651 665
54 819 816
382 1653 819
263 816 1653
819 1653 816
121 1202 1204
265 1660 1202
382 1204 1660
1202 1660 1204
263 1653 1651
382 1660 1653
265 1651 1660
1653 1660 1651
53 813 811
379 1945 813
377 811 1945
813 1945 811
121 1204 1203
382 1949 1204
379 1203 1949
1204 1949 1203
54 817 819
377 1946 817
382 819 1946
817 1946 819
379 1949 1945
382 1946 1949
377 1945 1946
1949 1946 1945
7 573 570
173 1403 573
170 570 1403
573 1403 570
69 899 897
411 1413 899
173 897 1413
899 1413 897
66 879 881
170 1405 879
411 881 1405
879 1405 881
173 1413 1403
411 1405 1413
170 1403 1405
1413 1405 1403
33 707 705
307 1777 707
305 705 1777
707 1777 705
123 1216 1214
421 1786 1216
307 1214 1786
1216 1786 1214
69 898 901
305 1779 898
421 901 1779
898 1779 901
307 1786 1777
421 1779 1786
305 1777 1779
1786 1779 1777
25 658 661
258 1637 658
261 661 1637
658 1637 661
66 883 880
413 1639 883
258 880 1639
883 1639 880
123 1213 1215
261 1647 1213
413 1215 1647
1213 1647 1215
258 1639 1637
413 1647 1639
261 1637 1647
1639 1647 1637
69 901 899
421 1982 901
411 899 1982
901 1982 899
123 1215 1216
413 1985 1215
421 1216 1985
1215 1985 1216
66 881 883
411 1981 881
413 883 1981
881 1981 883
421 1985 1982
413 1981 1985
411 1982 1981
1985 1981 1982
9 580 582
180 1430 580
182 582 1430
580 1430 582
76 937 935
438 1432 937
180 935 1432
937 1432 935
78 947 949
182 1437 947
438 949 1437
947 1437 949
180 1432 1430
438 1437 1432
182 1430 1437
1432 1437 1430
26 667 664
267 1655 667
264 664 1655
667 1655 664
126 1233 1231
440 1665 1233
267 1231 1665
1233 1665 1231
76 936 939
264 1657 936
440 939 1657
936 1657 939
267 1665 1655
440 1657 1665
264 1655 1657
1665 1657 1655
33 706 708
306 1781 706
308 708 1781
706 1781 708
78 951 948
445 1783 951
306 948 1783
951 1783 948
126 1232 1234
308 1788 1232
445 1234 1788
1232 1788 1234
306 1783 1781
445 1788 1783
308 1781 1788
1783 1788 1781
76 939 937
440 2008 939
438 937 2008
939 2008 937
126 1234 1233
445 2012 1234
440 1233 2012
1234 2012 1233
78 949 951
438 2009 949
445 951 2009
949 2009 951
440 2012 2008
445 2009 2012
438 2008 2009
2012 2009 2008
25 661 659
261 1641 661
259 659 1641
661 1641 659
123 1217 1213
521 1648 1217
261 1213 1648
1217 1648 1213
121 1201 1205
259 1643 1201
521 1205 1643
1201 1643 1205
261 1648 1641
521 1643 1648
259 1641 1643
1648 1643 1641
33 708 707
308 1785 708
307 707 1785
708 1785 707
126 1236 1232
525 1789 1236
308 1232 1789
1236 1789 1232
123 1214 1218
307 1787 1214
525 1218 1787
1214 1787 1218
308 1789 1785
525 1787 1789
307 1785 1787
1789 1787 1785
26 665 667
265 1659 665
267 667 1659
665 1659 667
121 1206 1202
522 1661 1206
265 1202 1661
1206 1661 1202
126 1231 1235
267 1666 1231
522 1235 1666
1231 1666 1235
265 1661 1659
522 1666 1661
267 1659 1666
1661 1666 1659
123 1218 1217
525 2090 1218
521 1217 2090
1218 2090 1217
126 1235 1236
522 2091 1235
525 1236 2091
1235 2091 1236
121 1205 1206
521 2089 1205
522 1206 2089
1205 2089 1206
525 2091 2090
522 2089 2091
521 2090 2089
2091 2089 2090
5 564 563
164 1385 564
163 563 1385
564 1385 563
60 850 847
393 1389 850
164 847 1389
850 1389 847
59 841 844
163 1387 841
393 844 1387
841 1387 844
164 1389 1385
393 1387 1389
163 1385 1387
1389 1387 1385
30 691 687
291 1724 691
287 687 1724
691 1724 687
133 1276 1274
397 1737 1276
291 1274 1737
1276 1737 1274
60 848 852
287 1726 848
397 852 1726
848 1726 852
291 1737 1724
397 1726 1737
287 1724 1726
1737 1726 1724
29 681 685
281 1706 681
285 685 1706
681 1706 685
59 846 842
395 1708 846
281 842 1708
846 1708 842
133 1273 1275
285 1719 1273
395 1275 1719
1273 1719 1275
281 1708 1706
395 1719 1708
285 1706 1719
1708 1719 1706
60 852 850
397 1964 852
393 850 1964
852 1964 850
133 1275 1276
395 1965 1275
397 1276 1965
1275 1965 1276
59 844 846
393 1963 844
395 846 1963
844 1963 846
397 1965 1964
395 1963 1965
393 1964 1963
1965 1963 1964
9 582 581
182 1434 582
181 581 1434
582 1434 581
78 950 947
442 1438 950
182 947 1438
950 1438 947
77 941 944
181 1436 941
442 944 1436
941 1436 944
182 1438 1434
442 1436 1438
181 1434 1436
1438 1436 1434
33 710 706
310 1782 710
306 706 1782
710 1782 706
135 1288 1286
446 1793 1288
310 1286 1793
1288 1793 1286
78 948 952
306 1784 948
446 952 1784
948 1784 952
310 1793 1782
446 1784 1793
306 1782 1784
1793 1784 1782
30 688 692
288 1728 688
292 692 1728
688 1728 692
77 946 942
444 1730 946
288 942 1730
946 1730 942
135 1285 1287
292 1739 1285
444 1287 1739
1285 1739 1287
288 1730 1728
444 1739 1730
292 1728 1739
1730 1739 1728
78 952 950
446 2015 952
442 950 2015
952 2015 950
135 1287 1288
444 2016 1287
446 1288 2016
1287 2016 1288
77 944 946
442 2014 944
444 946 2014
944 2014 946
446 2016 2015
444 2014 2016
442 2015 2014
2016 2014 2015
7 571 573
171 1407 571
173 573 1407
571 1407 573
67 888 885
415 1409 888
171 885 1409
888 1409 885
69 897 900
173 1414 897
415 900 1414
897 1414 900
171 1409 1407
415 1414 1409
173 1407 1414
1409 1414 1407
29 686 682
286 1710 686
282 682 1710
686 1710 682
134 1281 1279
417 1721 1281
286 1279 1721
1281 1721 1279
67 886 890
282 1712 886
417 890 1712
886 1712 890
286 1721 1710
417 1712 1721
282 1710 1712
1721 1712 1710
33 705 709
305 1778 705
309 709 1778
705 1778 709
69 902 898
422 1780 902
305 898 1780
902 1780 898
134 1280 1282
309 1791 1280
422 1282 1791
1280 1791 1282
305 1780 1778
422 1791 1780
309 1778 1791
1780 1791 1778
67 890 888
417 1987 890
415 888 1987
890 1987 888
134 1282 1281
422 1989 1282
417 1281 1989
1282 1989 1281
69 900 902
415 1988 900
422 902 1988
900 1988 902
417 1989 1987
422 1988 1989
415 1987 1988
1989 1988 1987
30 692 691
292 1736 692
291 691 1736
692 1736 691
135 1289 1285
534 1740 1289
292 1285 1740
1289 1740 1285
133 1274 1278
291 1738 1274
534 1278 1738
1274 1738 1278
292 1740 1736
534 1738 1740
291 1736 1738
1740 1738 1736
33 709 710
309 1790 709
310 710 1790
709 1790 710
134 1284 1280
535 1792 1284
309 1280 1792
1284 1792 1280
135 1286 1290
310 1794 1286
535 1290 1794
1286 1794 1290
309 1792 1790
535 1794 1792
310 1790 1794
1792 1794 1790
29 685 686
285 1718 685
286 686 1718
685 1718 686
133 1277 1273
533 1720 1277
285 1273 1720
1277 1720 1273
134 1279 1283
286 1722 1279
533 1283 1722
1279 1722 1283
285 1720 1718
533 1722 1720
286 1718 1722
1720 1722 1718
135 1290 1289
535 2103 1290
534 1289 2103
1290 2103 1289
134 1283 1284
533 2102 1283
535 1284 2102
1283 2102 1284
133 1278 1277
534 2101 1278
533 1277 2101
1278 2101 1277
535 2102 2103
533 2101 2102
534 2103 2101
2102 2101 2103
1 549 550
149 1353 549
150 550 1353
549 1353 550
45 773 771
361 1354 773
149 771 1354
773 1354 771
46 775 778
150 1356 775
361 778 1356
775 1356 778
149 1354 1353
361 1356 1354
150 1353 1356
1354 1356 1353
17 621 619
221 1534 621
219 619 1534
621 1534 619
105 1107 1105
362 1539 1107
221 1105 1539
1107 1539 1105
45 772 774
219 1535 772
362 774 1535
772 1535 774
221 1539 1534
362 1535 1539
219 1534 1535
1539 1535 1534
18 623 626
223 1544 623
226 626 1544
623 1544 626
46 780 776
364 1546 780
223 776 1546
780 1546 776
105 1106 1108
226 1555 1106
364 1108 1555
1106 1555 1108
223 1546 1544
364 1555 1546
226 1544 1555
1546 1555 1544
45 774 773
362 1930 774
361 773 1930
774 1930 773
105 1108 1107
364 1932 1108
362 1107 1932
1108 1932 1107
46 778 780
361 1931 778
364 780 1931
778 1931 780
362 1932 1930
364 1931 1932
361 1930 1931
1932 1931 1930
8 577 575
177 1417 577
175 575 1417
577 1417 575
73 919 917
425 1422 919
177 917 1422
919 1422 917
71 909 911
175 1418 909
425 911 1418
909 1418 911
177 1422 1417
425 1418 1422
175 1417 1418
1422 1418 1417
35 719 717
319 1813 719
317 717 1813
719 1813 717
106 1114 1112
430 1822 1114
319 1112 1822
1114 1822 1112
73 918 921
317 1815 918
430 921 1815
918 1815 921
319 1822 1813
430 1815 1822
317 1813 1815
1822 1815 1813
17 620 622
220 1536 620
222 622 1536
620 1536 622
71 912 910
426 1537 912
220 910 1537
912 1537 910
106 1111 1113
222 1541 1111
426 1113 1541
1111 1541 1113
220 1537 1536
426 1541 1537
222 1536 1541
1537 1541 1536
73 921 919
430 1994 921
425 919 1994
921 1994 919
106 1113 1114
426 1995 1113
430 1114 1995
1113 1995 1114
71 911 912
425 1993 911
426 912 1993
911 1993 912
430 1995 1994
426 1993 1995
425 1994 1993
1995 1993 1994
9 579 583
179 1427 579
183 583 1427
579 1427 583
75 932 929
435 1429 932
179 929 1429
932 1429 929
79 953 955
183 1440 953
435 955 1440
953 1440 955
179 1429 1427
435 1440 1429
183 1427 1440
1429 1440 1427
18 628 624
228 1548 628
224 624 1548
628 1548 624
108 1125 1123
437 1559 1125
228 1123 1559
1125 1559 1123
75 930 934
224 1550 930
437 934 1550
930 1550 934
228 1559 1548
437 1550 1559
224 1548 1550
1559 1550 1548
35 718 720
318 1817 718
320 720 1817
718 1817 720
79 957 954
448 1819 957
318 954 1819
957 1819 954
108 1124 1126
320 1824 1124
448 1126 1824
1124 1824 1126
318 1819 1817
448 1824 1819
320 1817 1824
1819 1824 1817
75 934 932
437 2004 934
435 932 2004
934 2004 932
108 1126 1125
448 2007 1126
437 1125 2007
1126 2007 1125
79 955 957
435 2005 955
448 957 2005
955 2005 957
437 2007 2004
448 2005 2007
435 2004 2005
2007 2005 2004
17 622 621
222 1538 622
221 621 1538
622 1538 621
106 1115 1111
506 1542 1115
222 1111 1542
1115 1542 1111
105 1105 1109
221 1540 1105
506 1109 1540
1105 1540 1109
222 1542 1538
506 1540 1542
221 1538 1540
1542 1540 1538
35 720 719
320 1821 720
319 719 1821
720 1821 719
108 1128 1124
508 1825 1128
320 1124 1825
1128 1825 1124
106 1112 1116
319 1823 1112
508 1116 1823
1112 1823 1116
320 1825 1821
508 1823 1825
319 1821 1823
1825 1823 1821
18 626 628
226 1554 626
228 628 1554
626 1554 628
105 1110 1106
507 1556 1110
226 1106 1556
1110 1556 1106
108 1123 1127
228 1560 1123
507 1127 1560
1123 1560 1127
226 1556 1554
507 1560 1556
228 1554 1560
1556 1560 1554
106 1116 1115
508 2075 1116
506 1115 2075
1116 2075 1115
108 1127 1128
507 2076 1127
508 1128 2076
1127 2076 1128
105 1109 1110
506 2074 1109
507 1110 2074
1109 2074 1110
508 2076 2075
507 2074 2076
506 2075 2074
2076 2074 2075
2 553 551
153 1357 553
151 551 1357
553 1357 551
49 791 789
365 1361 791
153 789 1361
791 1361 789
47 781 783
151 1358 781
365 783 1358
781 1358 783
153 1361 1357
365 1358 1361
151 1357 1358
1361 1358 1357
21 639 637
239 1579 639
237 637 1579
639 1579 637
109 1132 1130
369 1588 1132
239 1130 1588
1132 1588 1130
49 790 793
237 1581 790
369 793 1581
790 1581 793
239 1588 1579
369 1581 1588
237 1579 1581
1588 1581 1579
19 629 631
229 1561 629
231 631 1561
629 1561 631
47 784 782
366 1562 784
229 782 1562
784 1562 782
109 1129 1131
231 1566 1129
366 1131 1566
1129 1566 1131
229 1562 1561
366 1566 1562
231 1561 1566
1562 1566 1561
49 793 791
369 1934 793
365 791 1934
793 1934 791
109 1131 1132
366 1935 1131
369 1132 1935
1131 1935 1132
47 783 784
365 1933 783
366 784 1933
783 1933 784
369 1935 1934
366 1933 1935
365 1934 1933
1935 1933 1934
11 591 589
191 1453 591
189 589 1453
591 1453 589
87 999 997
461 1462 999
191 997 1462
999 1462 997
85 985 987
189 1455 985
461 987 1455
985 1455 987
191 1462 1453
461 1455 1462
189 1453 1455
1462 1455 1453
36 726 724
326 1835 726
324 724 1835
726 1835 724
113 1156 1154
470 1842 1156
326 1154 1842
1156 1842 1154
87 998 1001
324 1837 998
470 1001 1837
998 1837 1001
326 1842 1835
470 1837 1842
324 1835 1837
1842 1837 1835
21 638 641
238 1583 638
241 641 1583
638 1583 641
85 989 986
463 1585 989
238 986 1585
989 1585 986
113 1153 1155
241 1593 1153
463 1155 1593
1153 1593 1155
238 1585 1583
463 1593 1585
241 1583 1593
1585 1593 1583
87 1001 999
470 2030 1001
461 999 2030
1001 2030 999
113 1155 1156
463 2033 1155
470 1156 2033
1155 2033 1156
85 987 989
461 2029 987
463 989 2029
987 2029 989
470 2033 2030
463 2029 2033
461 2030 2029
2033 2029 2030
8 576 578
176 1419 576
178 578 1419
576 1419 578
72 915 913
427 1420 915
176 913 1420
915 1420 913
74 923 925
178 1424 923
427 925 1424
923 1424 925
176 1420 1419
427 1424 1420
178 1419 1424
1420 1424 1419
19 632 630
232 1563 632
230 630 1563
632 1563 630
110 1137 1135
428 1568 1137
232 1135 1568
1137 1568 1135
72 914 916
230 1564 914
428 916 1564
914 1564 916
232 1568 1563
428 1564 1568
230 1563 1564
1568 1564 1563
36 723 725
323 1831 723
325 725 1831
723 1831 725
74 927 924
432 1833 927
323 924 1833
927 1833 924
110 1136 1138
325 1840 1136
432 1138 1840
1136 1840 1138
323 1833 1831
432 1840 1833
325 1831 1840
1833 1840 1831
72 916 915
428 1996 916
427 915 1996
916 1996 915
110 1138 1137
432 1998 1138
428 1137 1998
1138 1998 1137
74 925 927
427 1997 925
432 927 1997
925 1997 927
428 1998 1996
432 1997 1998
427 1996 1997
1998 1997 1996
21 641 639
241 1587 641
239 639 1587
641 1587 639
113 1157 1153
510 1594 1157
241 1153 1594
1157 1594 1153
109 1130 1134
239 1589 1130
510 1134 1589
1130 1589 1134
241 1594 1587
510 1589 1594
239 1587 1589
1594 1589 1587
36 725 726
325 1839 725
326 726 1839
725 1839 726
110 1140 1136
511 1841 1140
325 1136 1841
1140 1841 1136
113 1154 1158
326 1843 1154
511 1158 1843
1154 1843 1158
325 1841 1839
511 1843 1841
326 1839 1843
1841 1843 1839
19 631 632
231 1565 631
232 632 1565
631 1565 632
109 1133 1129
509 1567 1133
231 1129 1567
1133 1567 1129
110 1135 1139
232 1569 1135
509 1139 1569
1135 1569 1139
231 1567 1565
509 1569 1567
232 1565 1569
1567 1569 1565
113 1158 1157
511 2079 1158
510 1157 2079
1158 2079 1157
110 1139 1140
509 2078 1139
511 1140 2078
1139 2078 1140
109 1134 1133
510 2077 1134
509 1133 2077
1134 2077 1133
511 2078 2079
509 2077 2078
510 2079 2077
2078 2077 2079
4 558 559
158 1373 558
159 559 1373
558 1373 559
54 818 815
381 1375 818
158 815 1375
818 1375 815
55 821 823
159 1377 821
381 823 1377
821 1377 823
158 1375 1373
381 1377 1375
159 1373 1377
1375 1377 1373
26 666 663
266 1652 666
263 663 1652
666 1652 663
125 1227 1225
383 1663 1227
266 1225 1663
1227 1663 1225
54 816 820
263 1654 816
383 820 1654
816 1654 820
266 1663 1652
383 1654 1663
263 1652 1654
1663 1654 1652
27 669 671
269 1669 669
271 671 1669
669 1669 671
55 825 822
385 1671 825
269 822 1671
825 1671 822
125 1226 1228
271 1678 1226
385 1228 1678
1226 1678 1228
269 1671 1669
385 1678 1671
271 1669 1678
1671 1678 1669
54 820 818
383 1951 820
381 818 1951
820 1951 818
125 1228 1227
385 1953 1228
383 1227 1953
1228 1953 1227
55 823 825
381 1952 823
385 825 1952
823 1952 825
383 1953 1951
385 1952 1953
381 1951 1952
1953 1952 1951
9 584 580
184 1431 584
180 580 1431
584 1431 580
80 961 959
439 1442 961
184 959 1442
961 1442 959
76 935 938
180 1433 935
439 938 1433
935 1433 938
184 1442 1431
439 1433 1442
180 1431 1433
1442 1433 1431
37 731 729
331 1849 731
329 729 1849
731 1849 729
127 1240 1238
450 1858 1240
331 1238 1858
1240 1858 1238
80 960 963
329 1851 960
450 963 1851
960 1851 963
331 1858 1849
450 1851 1858
329 1849 1851
1858 1851 1849
26 664 668
264 1656 664
268 668 1656
664 1656 668
76 940 936
441 1658 940
264 936 1658
940 1658 936
127 1237 1239
268 1667 1237
441 1239 1667
1237 1667 1239
264 1658 1656
441 1667 1658
268 1656 1667
1658 1667 1656
80 963 961
450 2011 963
439 961 2011
963 2011 961
127 1239 1240
441 2013 1239
450 1240 2013
1239 2013 1240
76 938 940
439 2010 938
441 940 2010
938 2010 940
450 2013 2011
441 2010 2013
439 2011 2010
2013 2010 2011
11 590 592
190 1457 590
192 592 1457
590 1457 592
86 993 991
465 1459 993
190 991 1459
993 1459 991
88 1003 1005
192 1464 1003
465 1005 1464
1003 1464 1005
190 1459 1457
465 1464 1459
192 1457 1464
1459 1464 1457
27 673 670
273 1673 673
270 670 1673
673 1673 670
129 1251 1249
467 1683 1251
273 1249 1683
1251 1683 1249
86 992 995
270 1675 992
467 995 1675
992 1675 995
273 1683 1673
467 1675 1683
270 1673 1675
1683 1675 1673
37 730 732
330 1853 730
332 732 1853
730 1853 732
88 1007 1004
472 1855 1007
330 1004 1855
1007 1855 1004
129 1250 1252
332 1860 1250
472 1252 1860
1250 1860 1252
330 1855 1853
472 1860 1855
332 1853 1860
1855 1860 1853
86 995 993
467 2035 995
465 993 2035
995 2035 993
129 1252 1251
472 2039 1252
467 1251 2039
1252 2039 1251
88 1005 1007
465 2036 1005
472 1007 2036
1005 2036 1007
467 2039 2035
472 2036 2039
465 2035 2036
2039 2036 2035
26 668 666
268 1662 668
266 666 1662
668 1662 666
127 1241 1237
527 1668 1241
268 1237 1668
1241 1668 1237
125 1225 1229
266 1664 1225
527 1229 1664
1225 1664 1229
268 1668 1662
527 1664 1668
266 1662 1664
1668 1664 1662
37 732 731
332 1857 732
331 731 1857
732 1857 731
129 1254 1250
529 1861 1254
332 1250 1861
1254 1861 1250
127 1238 1242
331 1859 1238
529 1242 1859
1238 1859 1242
332 1861 1857
529 1859 1861
331 1857 1859
1861 1859 1857
27 671 673
271 1677 671
273 673 1677
671 1677 673
125 1230 1226
528 1679 1230
271 1226 1679
1230 1679 1226
129 1249 1253
273 1684 1249
528 1253 1684
1249 1684 1253
271 1679 1677
528 1684 1679
273 1677 1684
1679 1684 1677
127 1242 1241
529 2096 1242
527 1241 2096
1242 2096 1241
129 1253 1254
528 2097 1253
529 1254 2097
1253 2097 1254
125 1229 1230
527 2095 1229
528 1230 2095
1229 2095 1230
529 2097 2096
528 2095 2097
527 2096 2095
2097 2095 2096
8 578 577
178 1421 578
177 577 1421
578 1421 577
74 926 923
429 1425 926
178 923 1425
926 1425 923
73 917 920
177 1423 917
429 920 1423
917 1423 920
178 1425 1421
429 1423 1425
177 1421 1423
1425 1423 1421
36 727 723
327 1832 727
323 723 1832
727 1832 723
139 1312 1310
433 1845 1312
327 1310 1845
1312 1845 1310
74 924 928
323 1834 924
433 928 1834
924 1834 928
327 1845 1832
433 1834 1845
323 1832 1834
1845 1834 1832
35 717 721
317 1814 717
321 721 1814
717 1814 721
73 922 918
431 1816 922
317 918 1816
922 1816 918
139 1309 1311
321 1827 1309
431 1311 1827
1309 1827 1311
317 1816 1814
431 1827 1816
321 1814 1827
1816 1827 1814
74 928 926
433 2000 928
429 926 2000
928 2000 926
139 1311 1312
431 2001 1311
433 1312 2001
1311 2001 1312
73 920 922
429 1999 920
431 922 1999
920 1999 922
433 2001 2000
431 1999 2001
429 2000 1999
2001 1999 2000
11 592 591
192 1461 592
191 591 1461
592 1461 591
88 1006 1003
469 1465 1006
192 1003 1465
1006 1465 1003
87 997 1000
191 1463 997
469 1000 1463
997 1463 1000
192 1465 1461
469 1463 1465
191 1461 1463
1465 1463 1461
37 734 730
334 1854 734
330 730 1854
734 1854 730
141 1324 1322
473 1865 1324
334 1322 1865
1324 1865 1322
88 1004 1008
330 1856 1004
473 1008 1856
1004 1856 1008
334 1865 1854
473 1856 1865
330 1854 1856
1865 1856 1854
36 724 728
324 1836 724
328 728 1836
724 1836 728
87 1002 998
471 1838 1002
324 998 1838
1002 1838 998
141 1321 1323
328 1847 1321
471 1323 1847
1321 1847 1323
324 1838 1836
471 1847 1838
328 1836 1847
1838 1847 1836
88 1008 1006
473 2042 1008
469 1006 2042
1008 2042 1006
141 1323 1324
471 2043 1323
473 1324 2043
1323 2043 1324
87 1000 1002
469 2041 1000
471 1002 2041
1000 2041 1002
473 2043 2042
471 2041 2043
469 2042 2041
2043 2041 2042
9 583 584
183 1439 583
184 584 1439
583 1439 584
79 956 953
447 1441 956
183 953 1441
956 1441 953
80 959 962
184 1443 959
447 962 1443
959 1443 962
183 1441 1439
447 1443 1441
184 1439 1443
1441 1443 1439
35 722 718
322 1818 722
318 718 1818
722 1818 718
140 1317 1315
449 1829 1317
322 1315 1829
1317 1829 1315
79 954 958
318 1820 954
449 958 1820
954 1820 958
322 1829 1818
449 1820 1829
318 1818 1820
1829 1820 1818
37 729 733
329 1850 729
333 733 1850
729 1850 733
80 964 960
451 1852 964
329 960 1852
964 1852 960
140 1316 1318
333 1863 1316
451 1318 1863
1316 1863 1318
329 1852 1850
451 1863 1852
333 1850 1863
1852 1863 1850
79 958 956
449 2017 958
447 956 2017
958 2017 956
140 1318 1317
451 2019 1318
449 1317 2019
1318 2019 1317
80 962 964
447 2018 962
451 964 2018
962 2018 964
449 2019 2017
451 2018 2019
447 2017 2018
2019 2018 2017
36 728 727
328 1844 728
327 727 1844
728 1844 727
141 1325 1321
540 1848 1325
328 1321 1848
1325 1848 1321
139 1310 1314
327 1846 1310
540 1314 1846
1310 1846 1314
328 1848 1844
540 1846 1848
327 1844 1846
1848 1846 1844
37 733 734
333 1862 733
334 734 1862
733 1862 734
140 1320 1316
541 1864 1320
333 1316 1864
1320 1864 1316
141 1322 1326
334 1866 1322
541 1326 1866
1322 1866 1326
333 1864 1862
541 1866 1864
334 1862 1866
1864 1866 1862
35 721 722
321 1826 721
322 722 1826
721 1826 722
139 1313 1309
539 1828 1313
321 1309 1828
1313 1828 1309
140 1315 1319
322 1830 1315
539 1319 1830
1315 1830 1319
321 1828 1826
539 1830 1828
322 1826 1830
1828 1830 1826
141 1326 1325
541 2109 1326
540 1325 2109
1326 2109 1325
140 1319 1320
539 2108 1319
541 1320 2108
1319 2108 1320
139 1314 1313
540 2107 1314
539 1313 2107
1314 2107 1313
541 2108 2109
539 2107 2108
540 2109 2107
2108 2107 2109
2 552 553
152 1359 552
153 553 1359
552 1359 553
48 787 785
367 1360 787
152 785 1360
787 1360 785
49 789 792
153 1362 789
367 792 1362
789 1362 792
152 1360 1359
367 1362 1360
153 1359 1362
1360 1362 1359
20 635 633
235 1570 635
233 633 1570
635 1570 633
111 1143 1141
368 1575 1143
235 1141 1575
1143 1575 1141
48 786 788
233 1571 786
368 788 1571
786 1571 788
235 1575 1570
368 1571 1575
233 1570 1571
1575 1571 1570
21 637 640
237 1580 637
240 640 1580
637 1580 640
49 794 790
370 1582 794
237 790 1582
794 1582 790
111 1142 1144
240 1591 1142
370 1144 1591
1142 1591 1144
237 1582 1580
370 1591 1582
240 1580 1591
1582 1591 1580
48 788 787
368 1936 788
367 787 1936
788 1936 787
111 1144 1143
370 1938 1144
368 1143 1938
1144 1938 1143
49 792 794
367 1937 792
370 794 1937
792 1937 794
368 1938 1936
370 1937 1938
367 1936 1937
1938 1937 1936
10 587 585
187 1444 587
185 585 1444
587 1444 585
83 975 973
452 1449 975
187 973 1449
975 1449 973
81 965 967
185 1445 965
452 967 1445
965 1445 967
187 1449 1444
452 1445 1449
185 1444 1445
1449 1445 1444
38 737 735
337 1867 737
335 735 1867
737 1867 735
112 1150 1148
457 1876 1150
337 1148 1876
1150 1876 1148
83 974 977
335 1869 974
457 977 1869
974 1869 977
337 1876 1867
457 1869 1876
335 1867 1869
1876 1869 1867
20 634 636
234 1572 634
236 636 1572
634 1572 636
81 968 966
453 1573 968
234 966 1573
968 1573 966
112 1147 1149
236 1577 1147
453 1149 1577
1147 1577 1149
234 1573 1572
453 1577 1573
236 1572 1577
1573 1577 1572
83 977 975
457 2021 977
452 975 2021
977 2021 975
112 1149 1150
453 2022 1149
457 1150 2022
1149 2022 1150
81 967 968
452 2020 967
453 968 2020
967 2020 968
457 2022 2021
453 2020 2022
452 2021 2020
2022 2020 2021
11 589 593
189 1454 589
193 593 1454
589 1454 593
85 988 985
462 1456 988
189 985 1456
988 1456 985
89 1009 1011
193 1467 1009
462 1011 1467
1009 1467 1011
189 1456 1454
462 1467 1456
193 1454 1467
1456 1467 1454
21 642 638
242 1584 642
238 638 1584
642 1584 638
114 1161 1159
464 1595 1161
242 1159 1595
1161 1595 1159
85 986 990
238 1586 986
464 990 1586
986 1586 990
242 1595 1584
464 1586 1595
238 1584 1586
1595 1586 1584
38 736 738
336 1871 736
338 738 1871
736 1871 738
89 1013 1010
475 1873 1013
336 1010 1873
1013 1873 1010
114 1160 1162
338 1878 1160
475 1162 1878
1160 1878 1162
336 1873 1871
475 1878 1873
338 1871 1878
1873 1878 1871
85 990 988
464 2031 990
462 988 2031
990 2031 988
114 1162 1161
475 2034 1162
464 1161 2034
1162 2034 1161
89 1011 1013
462 2032 1011
475 1013 2032
1011 2032 1013
464 2034 2031
475 2032 2034
462 2031 2032
2034 2032 2031
20 636 635
236 1574 636
235 635 1574
636 1574 635
112 1151 1147
512 1578 1151
236 1147 1578
1151 1578 1147
111 1141 1145
235 1576 1141
512 1145 1576
1141 1576 1145
236 1578 1574
512 1576 1578
235 1574 1576
1578 1576 1574
38 738 737
338 1875 738
337 737 1875
738 1875 737
114 1164 1160
514 1879 1164
338 1160 1879
1164 1879 1160
112 1148 1152
337 1877 1148
514 1152 1877
1148 1877 1152
338 1879 1875
514 1877 1879
337 1875 1877
1879 1877 1875
21 640 642
240 1590 640
242 642 1590
640 1590 642
111 1146 1142
513 1592 1146
240 1142 1592
1146 1592 1142
114 1159 1163
242 1596 1159
513 1163 1596
1159 1596 1163
240 1592 1590
513 1596 1592
242 1590 1596
1592 1596 1590
112 1152 1151
514 2081 1152
512 1151 2081
1152 2081 1151
114 1163 1164
513 2082 1163
514 1164 2082
1163 2082 1164
111 1145 1146
512 2080 1145
513 1146 2080
1145 2080 1146
514 2082 2081
513 2080 2082
512 2081 2080
2082 2080 2081
3 556 555
156 1365 556
155 555 1365
556 1365 555
52 806 803
373 1368 806
156 803 1368
806 1368 803
51 799 801
155 1366 799
373 801 1366
799 1366 801
156 1368 1365
373 1366 1368
155 1365 1366
1368 1366 1365
24 654 651
254 1616 654
251 651 1616
654 1616 651
117 1180 1178
376 1627 1180
254 1178 1627
1180 1627 1178
52 804 808
251 1618 804
376 808 1618
804 1618 808
254 1627 1616
376 1618 1627
251 1616 1618
1627 1618 1616
23 647 649
247 1606 647
249 649 1606
647 1606 649
51 802 800
374 1607 802
247 800 1607
802 1607 800
117 1177 1179
249 1611 1177
374 1179 1611
1177 1611 1179
247 1607 1606
374 1611 1607
249 1606 1611
1607 1611 1606
52 808 806
376 1943 808
373 806 1943
808 1943 806
117 1179 1180
374 1944 1179
376 1180 1944
1179 1944 1180
51 801 802
373 1942 801
374 802 1942
801 1942 802
376 1944 1943
374 1942 1944
373 1943 1942
1944 1942 1943
12 599 595
199 1472 599
195 595 1472
599 1472 595
95 1047 1045
480 1485 1047
199 1045 1485
1047 1485 1045
91 1021 1024
195 1474 1021
480 1024 1474
1021 1474 1024
199 1485 1472
480 1474 1485
195 1472 1474
1485 1474 1472
39 744 742
344 1889 744
342 742 1889
744 1889 742
120 1198 1196
493 1896 1198
344 1196 1896
1198 1896 1196
95 1046 1049
342 1891 1046
493 1049 1891
1046 1891 1049
344 1896 1889
493 1891 1896
342 1889 1891
1896 1891 1889
24 652 656
252 1620 652
256 656 1620
652 1620 656
91 1026 1022
482 1622 1026
252 1022 1622
1026 1622 1022
120 1195 1197
256 1631 1195
482 1197 1631
1195 1631 1197
252 1622 1620
482 1631 1622
256 1620 1631
1622 1631 1620
95 1049 1047
493 2050 1049
480 1047 2050
1049 2050 1047
120 1197 1198
482 2052 1197
493 1198 2052
1197 2052 1198
91 1024 1026
480 2049 1024
482 1026 2049
1024 2049 1026
493 2052 2050
482 2049 2052
480 2050 2049
2052 2049 2050
10 586 588
186 1446 586
188 588 1446
586 1446 588
82 971 969
454 1447 971
186 969 1447
971 1447 969
84 979 981
188 1451 979
454 981 1451
979 1451 981
186 1447 1446
454 1451 1447
188 1446 1451
1447 1451 1446
23 650 648
250 1608 650
248 648 1608
650 1608 648
118 1185 1183
455 1613 1185
250 1183 1613
1185 1613 1183
82 970 972
248 1609 970
455 972 1609
970 1609 972
250 1613 1608
455 1609 1613
248 1608 1609
1613 1609 1608
39 741 743
341 1885 741
343 743 1885
741 1885 743
84 983 980
459 1887 983
341 980 1887
983 1887 980
118 1184 1186
343 1894 1184
459 1186 1894
1184 1894 1186
341 1887 1885
459 1894 1887
343 1885 1894
1887 1894 1885
82 972 971
455 2023 972
454 971 2023
972 2023 971
118 1186 1185
459 2025 1186
455 1185 2025
1186 2025 1185
84 981 983
454 2024 981
459 983 2024
981 2024 983
455 2025 2023
459 2024 2025
454 2023 2024
2025 2024 2023
24 656 654
256 1626 656
254 654 1626
656 1626 654
120 1199 1195
519 1632 1199
256 1195 1632
1199 1632 1195
117 1178 1182
254 1628 1178
519 1182 1628
1178 1628 1182
256 1632 1626
519 1628 1632
254 1626 1628
1632 1628 1626
39 743 744
343 1893 743
344 744 1893
743 1893 744
118 1188 1184
520 1895 1188
343 1184 1895
1188 1895 1184
120 1196 1200
344 1897 1196
520 1200 1897
1196 1897 1200
343 1895 1893
520 1897 1895
344 1893 1897
1895 1897 1893
23 649 650
249 1610 649
250 650 1610
649 1610 650
117 1181 1177
518 1612 1181
249 1177 1612
1181 1612 1177
118 1183 1187
250 1614 1183
518 1187 1614
1183 1614 1187
249 1612 1610
518 1614 1612
250 1610 1614
1612 1614 1610
120 1200 1199
520 2088 1200
519 1199 2088
1200 2088 1199
118 1187 1188
518 2087 1187
520 1188 2087
1187 2087 1188
117 1182 1181
519 2086 1182
518 1181 2086
1182 2086 1181
520 2087 2088
518 2086 2087
519 2088 2086
2087 2086 2088
4 559 560
159 1376 559
160 560 1376
559 1376 560
55 824 821
384 1378 824
159 821 1378
824 1378 821
56 827 830
160 1380 827
384 830 1380
827 1380 830
159 1378 1376
384 1380 1378
160 1376 1380
1378 1380 1376
27 672 669
272 1670 672
269 669 1670
672 1670 669
128 1245 1243
386 1681 1245
272 1243 1681
1245 1681 1243
55 822 826
269 1672 822
386 826 1672
822 1672 826
272 1681 1670
386 1672 1681
269 1670 1672
1681 1672 1670
28 675 678
275 1688 675
278 678 1688
675 1688 678
56 832 828
388 1690 832
275 828 1690
832 1690 828
128 1244 1246
278 1699 1244
388 1246 1699
1244 1699 1246
275 1690 1688
388 1699 1690
278 1688 1699
1690 1699 1688
55 826 824
386 1954 826
384 824 1954
826 1954 824
128 1246 1245
388 1956 1246
386 1245 1956
1246 1956 1245
56 830 832
384 1955 830
388 832 1955
830 1955 832
386 1956 1954
388 1955 1956
384 1954 1955
1956 1955 1954
11 594 590
194 1458 594
190 590 1458
594 1458 590
90 1017 1015
466 1469 1017
194 1015 1469
1017 1469 1015
86 991 994
190 1460 991
466 994 1460
991 1460 994
194 1469 1458
466 1460 1469
190 1458 1460
1469 1460 1458
40 749 747
349 1903 749
347 747 1903
749 1903 747
130 1258 1256
477 1912 1258
349 1256 1912
1258 1912 1256
90 1016 1019
347 1905 1016
477 1019 1905
1016 1905 1019
349 1912 1903
477 1905 1912
347 1903 1905
1912 1905 1903
27 670 674
270 1674 670
274 674 1674
670 1674 674
86 996 992
468 1676 996
270 992 1676
996 1676 992
130 1255 1257
274 1685 1255
468 1257 1685
1255 1685 1257
270 1676 1674
468 1685 1676
274 1674 1685
1676 1685 1674
90 1019 1017
477 2038 1019
466 1017 2038
1019 2038 1017
130 1257 1258
468 2040 1257
477 1258 2040
1257 2040 1258
86 994 996
466 2037 994
468 996 2037
994 2037 996
477 2040 2038
468 2037 2040
466 2038 2037
2040 2037 2038
12 596 600
196 1476 596
200 600 1476
596 1476 600
92 1030 1027
484 1478 1030
196 1027 1478
1030 1478 1027
96 1051 1053
200 1487 1051
484 1053 1487
1051 1487 1053
196 1478 1476
484 1487 1478
200 1476 1487
1478 1487 1476
28 680 676
280 1692 680
276 676 1692
680 1692 676
132 1269 1267
486 1703 1269
280 1267 1703
1269 1703 1267
92 1028 1032
276 1694 1028
486 1032 1694
1028 1694 1032
280 1703 1692
486 1694 1703
276 1692 1694
1703 1694 1692
40 748 750
348 1907 748
350 750 1907
748 1907 750
96 1055 1052
495 1909 1055
348 1052 1909
1055 1909 1052
132 1268 1270
350 1914 1268
495 1270 1914
1268 1914 1270
348 1909 1907
495 1914 1909
350 1907 1914
1909 1914 1907
92 1032 1030
486 2055 1032
484 1030 2055
1032 2055 1030
132 1270 1269
495 2058 1270
486 1269 2058
1270 2058 1269
96 1053 1055
484 2056 1053
495 1055 2056
1053 2056 1055
486 2058 2055
495 2056 2058
484 2055 2056
2058 2056 2055
27 674 672
274 1680 674
272 672 1680
674 1680 672
130 1259 1255
530 1686 1259
274 1255 1686
1259 1686 1255
128 1243 1247
272 1682 1243
530 1247 1682
1243 1682 1247
274 1686 1680
530 1682 1686
272 1680 1682
1686 1682 1680
40 750 749
350 1911 750
349 749 1911
750 1911 749
132 1272 1268
532 1915 1272
350 1268 1915
1272 1915 1268
130 1256 1260
349 1913 1256
532 1260 1913
1256 1913 1260
350 1915 1911
532 1913 1915
349 1911 1913
1915 1913 1911
28 678 680
278 1698 678
280 680 1698
678 1698 680
128 1248 1244
531 1700 1248
278 1244 1700
1248 1700 1244
132 1267 1271
280 1704 1267
531 1271 1704
1267 1704 1271
278 1700 1698
531 1704 1700
280 1698 1704
1700 1704 1698
130 1260 1259
532 2099 1260
530 1259 2099
1260 2099 1259
132 1271 1272
531 2100 1271
532 1272 2100
1271 2100 1272
128 1247 1248
530 2098 1247
531 1248 2098
1247 2098 1248
532 2100 2099
531 2098 2100
530 2099 2098
2100 2098 2099
10 588 587
188 1448 588
187 587 1448
588 1448 587
84 982 979
456 1452 982
188 979 1452
982 1452 979
83 973 976
187 1450 973
456 976 1450
973 1450 976
188 1452 1448
456 1450 1452
187 1448 1450
1452 1450 1448
39 745 741
345 1886 745
341 741 1886
745 1886 741
142 1330 1328
460 1899 1330
345 1328 1899
1330 1899 1328
84 980 984
341 1888 980
460 984 1888
980 1888 984
345 1899 1886
460 1888 1899
341 1886 1888
1899 1888 1886
38 735 739
335 1868 735
339 739 1868
735 1868 739
83 978 974
458 1870 978
335 974 1870
978 1870 974
142 1327 1329
339 1881 1327
458 1329 1881
1327 1881 1329
335 1870 1868
458 1881 1870
339 1868 1881
1870 1881 1868
84 984 982
460 2027 984
456 982 2027
984 2027 982
142 1329 1330
458 2028 1329
460 1330 2028
1329 2028 1330
83 976 978
456 2026 976
458 978 2026
976 2026 978
460 2028 2027
458 2026 2028
456 2027 2026
2028 2026 2027
12 600 599
200 1484 600
199 599 1484
600 1484 599
96 1054 1051
492 1488 1054
200 1051 1488
1054 1488 1051
95 1045 1048
199 1486 1045
492 1048 1486
1045 1486 1048
200 1488 1484
492 1486 1488
199 1484 1486
1488 1486 1484
40 752 748
352 1908 752
348 748 1908
752 1908 748
144 1342 1340
496 1919 1342
352 1340 1919
1342 1919 1340
96 1052 1056
348 1910 1052
496 1056 1910
1052 1910 1056
352 1919 1908
496 1910 1919
348 1908 1910
1919 1910 1908
39 742 746
342 1890 742
346 746 1890
742 1890 746
95 1050 1046
494 1892 1050
342 1046 1892
1050 1892 1046
144 1339 1341
346 1901 1339
494 1341 1901
1339 1901 1341
342 1892 1890
494 1901 1892
346 1890 1901
1892 1901 1890
96 1056 1054
496 2063 1056
492 1054 2063
1056 2063 1054
144 1341 1342
494 2064 1341
496 1342 2064
1341 2064 1342
95 1048 1050
492 2062 1048
494 1050 2062
1048 2062 1050
496 2064 2063
494 2062 2064
492 2063 2062
2064 2062 2063
11 593 594
193 1466 593
194 594 1466
593 1466 594
89 1012 1009
474 1468 1012
193 1009 1468
1012 1468 1009
90 1015 1018
194 1470 1015
474 1018 1470
1015 1470 1018
193 1468 1466
474 1470 1468
194 1466 1470
1468 1470 1466
38 740 736
340 1872 740
336 736 1872
740 1872 736
143 1335 1333
476 1883 1335
340 1333 1883
1335 1883 1333
89 1010 1014
336 1874 1010
476 1014 1874
1010 1874 1014
340 1883 1872
476 1874 1883
336 1872 1874
1883 1874 1872
40 747 751
347 1904 747
351 751 1904
747 1904 751
90 1020 1016
478 1906 1020
347 1016 1906
1020 1906 1016
143 1334 1336
351 1917 1334
478 1336 1917
1334 1917 1336
347 1906 1904
478 1917 1906
351 1904 1917
1906 1917 1904
89 1014 1012
476 2044 1014
474 1012 2044
1014 2044 1012
143 1336 1335
478 2046 1336
476 1335 2046
1336 2046 1335
90 1018 1020
474 2045 1018
478 1020 2045
1018 2045 1020
476 2046 2044
478 2045 2046
474 2044 2045
2046 2045 2044
39 746 745
346 1898 746
345 745 1898
746 1898 745
144 1343 1339
543 1902 1343
346 1339 1902
1343 1902 1339
142 1328 1332
345 1900 1328
543 1332 1900
1328 1900 1332
346 1902 1898
543 1900 1902
345 1898 1900
1902 1900 1898
40 751 752
351 1916 751
352 752 1916
751 1916 752
143 1338 1334
544 1918 1338
351 1334 1918
1338 1918 1334
144 1340 1344
352 1920 1340
544 1344 1920
1340 1920 1344
351 1918 1916
544 1920 1918
352 1916 1920
1918 1920 1916
38 739 740
339 1880 739
340 740 1880
739 1880 740
142 1331 1327
542 1882 1331
339 1327 1882
1331 1882 1327
143 1333 1337
340 1884 1333
542 1337 1884
1333 1884 1337
339 1882 1880
542 1884 1882
340 1880 1884
1882 1884 1880
144 1344 1343
544 2112 1344
543 1343 2112
1344 2112 1343
143 1337 1338
542 2111 1337
544 1338 2111
1337 2111 1338
142 1332 1331
543 2110 1332
542 1331 2110
1332 2110 1331
544 2111 2112
542 2110 2111
543 2112 2110
2111 2110 2112
3 554 556
154 1363 554
156 556 1363
554 1363 556
50 797 795
371 1364 797
154 795 1364
797 1364 795
52 803 805
156 1367 803
371 805 1367
803 1367 805
154 1364 1363
371 1367 1364
156 1363 1367
1364 1367 1363
22 645 643
245 1597 645
243 643 1597
645 1597 643
115 1167 1165
372 1602 1167
245 1165 1602
1167 1602 1165
50 796 798
243 1598 796
372 798 1598
796 1598 798
245 1602 1597
372 1598 1602
243 1597 1598
1602 1598 1597
24 651 653
251 1615 651
253 653 1615
651 1615 653
52 807 804
375 1617 807
251 804 1617
807 1617 804
115 1166 1168
253 1624 1166
375 1168 1624
1166 1624 1168
251 1617 1615
375 1624 1617
253 1615 1624
1617 1624 1615
50 798 797
372 1939 798
371 797 1939
798 1939 797
115 1168 1167
375 1941 1168
372 1167 1941
1168 1941 1167
52 805 807
371 1940 805
375 807 1940
805 1940 807
372 1941 1939
375 1940 1941
371 1939 1940
1941 1940 1939
6 568 566
168 1392 568
166 566 1392
568 1392 566
64 869 867
400 1397 869
168 867 1397
869 1397 867
62 857 859
166 1393 857
400 859 1393
857 1393 859
168 1397 1392
400 1393 1397
166 1392 1393
1397 1393 1392
32 701 699
301 1759 701
299 699 1759
701 1759 699
116 1174 1172
405 1768 1174
301 1172 1768
1174 1768 1172
64 868 871
299 1761 868
405 871 1761
868 1761 871
301 1768 1759
405 1761 1768
299 1759 1761
1768 1761 1759
22 644 646
244 1599 644
246 646 1599
644 1599 646
62 860 858
401 1600 860
244 858 1600
860 1600 858
116 1171 1173
246 1604 1171
401 1173 1604
1171 1604 1173
244 1600 1599
401 1604 1600
246 1599 1604
1600 1604 1599
64 871 869
405 1970 871
400 869 1970
871 1970 869
116 1173 1174
401 1971 1173
405 1174 1971
1173 1971 1174
62 859 860
400 1969 859
401 860 1969
859 1969 860
405 1971 1970
401 1969 1971
400 1970 1969
1971 1969 1970
12 595 597
195 1471 595
197 597 1471
595 1471 597
91 1023 1021
479 1473 1023
195 1021 1473
1023 1473 1021
93 1033 1035
197 1480 1033
479 1035 1480
1033 1480 1035
195 1473 1471
479 1480 1473
197 1471 1480
1473 1480 1471
24 655 652
255 1619 655
252 652 1619
655 1619 652
119 1191 1189
481 1629 1191
255 1189 1629
1191 1629 1189
91 1022 1025
252 1621 1022
481 1025 1621
1022 1621 1025
255 1629 1619
481 1621 1629
252 1619 1621
1629 1621 1619
32 700 702
300 1763 700
302 702 1763
700 1763 702
93 1037 1034
488 1765 1037
300 1034 1765
1037 1765 1034
119 1190 1192
302 1770 1190
488 1192 1770
1190 1770 1192
300 1765 1763
488 1770 1765
302 1763 1770
1765 1770 1763
91 1025 1023
481 2047 1025
479 1023 2047
1025 2047 1023
119 1192 1191
488 2051 1192
481 1191 2051
1192 2051 1191
93 1035 1037
479 2048 1035
488 1037 2048
1035 2048 1037
481 2051 2047
488 2048 2051
479 2047 2048
2051 2048 2047
22 646 645
246 1601 646
245 645 1601
646 1601 645
116 1175 1171
515 1605 1175
246 1171 1605
1175 1605 1171
115 1165 1169
245 1603 1165
515 1169 1603
1165 1603 1169
246 1605 1601
515 1603 1605
245 1601 1603
1605 1603 1601
32 702 701
302 1767 702
301 701 1767
702 1767 701
119 1194 1190
517 1771 1194
302 1190 1771
1194 1771 1190
116 1172 1176
301 1769 1172
517 1176 1769
1172 1769 1176
302 1771 1767
517 1769 1771
301 1767 1769
1771 1769 1767
24 653 655
253 1623 653
255 655 1623
653 1623 655
115 1170 1166
516 1625 1170
253 1166 1625
1170 1625 1166
119 1189 1193
255 1630 1189
516 1193 1630
1189 1630 1193
253 1625 1623
516 1630 1625
255 1623 1630
1625 1630 1623
116 1176 1175
517 2084 1176
515 1175 2084
1176 2084 1175
119 1193 1194
516 2085 1193
517 1194 2085
1193 2085 1194
115 1169 1170
515 2083 1169
516 1170 2083
1169 2083 1170
517 2085 2084
516 2083 2085
515 2084 2083
2085 2083 2084
0 547 546
147 1347 547
146 546 1347
547 1347 546
43 764 761
355 1350 764
147 761 1350
764 1350 761
42 757 759
146 1348 757
355 759 1348
757 1348 759
147 1350 1347
355 1348 1350
146 1347 1348
1350 1348 1347
15 612 609
212 1508 612
209 609 1508
612 1508 609
99 1072 1070
358 1519 1072
212 1070 1519
1072 1519 1070
43 762 766
209 1510 762
358 766 1510
762 1510 766
212 1519 1508
358 1510 1519
209 1508 1510
1519 1510 1508
14 605 607
205 1498 605
207 607 1498
605 1498 607
42 760 758
356 1499 760
205 758 1499
760 1499 758
99 1069 1071
207 1503 1069
356 1071 1503
1069 1503 1071
205 1499 1498
356 1503 1499
207 1498 1503
1499 1503 1498
43 766 764
358 1925 766
355 764 1925
766 1925 764
99 1071 1072
356 1926 1071
358 1072 1926
1071 1926 1072
42 759 760
355 1924 759
356 760 1924
759 1924 760
358 1926 1925
356 1924 1926
355 1925 1924
1926 1924 1925
7 572 569
172 1400 572
169 569 1400
572 1400 569
68 893 891
408 1411 893
172 891 1411
893 1411 891
65 873 876
169 1402 873
408 876 1402
873 1402 876
172 1411 1400
408 1402 1411
169 1400 1402
1411 1402 1400
31 696 694
296 1745 696
294 694 1745
696 1745 694
102 1090 1088
419 1752 1090
296 1088 1752
1090 1752 1088
68 892 895
294 1747 892
419 895 1747
892 1747 895
296 1752 1745
419 1747 1752
294 1745 1747
1752 1747 1745
15 610 614
210 1512 610
214 614 1512
610 1512 614
65 878 874
410 1514 878
210 874 1514
878 1514 874
102 1087 1089
214 1523 1087
410 1089 1523
1087 1523 1089
210 1514 1512
410 1523 1514
214 1512 1523
1514 1523 1512
68 895 893
419 1978 895
408 893 1978
895 1978 893
102 1089 1090
410 1980 1089
419 1090 1980
1089 1980 1090
65 876 878
408 1977 876
410 878 1977
876 1977 878
419 1980 1978
410 1977 1980
408 1978 1977
1980 1977 1978
6 565 567
165 1390 565
167 567 1390
565 1390 567
61 855 853
398 1391 855
165 853 1391
855 1391 853
63 861 863
167 1395 861
398 863 1395
861 1395 863
165 1391 1390
398 1395 1391
167 1390 1395
1391 1395 1390
14 608 606
208 1500 608
206 606 1500
608 1500 606
100 1077 1075
399 1505 1077
208 1075 1505
1077 1505 1075
61 854 856
206 1501 854
399 856 1501
854 1501 856
208 1505 1500
399 1501 1505
206 1500 1501
1505 1501 1500
31 693 695
293 1741 693
295 695 1741
693 1741 695
63 865 862
403 1743 865
293 862 1743
865 1743 862
100 1076 1078
295 1750 1076
403 1078 1750
1076 1750 1078
293 1743 1741
403 1750 1743
295 1741 1750
1743 1750 1741
61 856 855
399 1966 856
398 855 1966
856 1966 855
100 1078 1077
403 1968 1078
399 1077 1968
1078 1968 1077
63 863 865
398 1967 863
403 865 1967
863 1967 865
399 1968 1966
403 1967 1968
398 1966 1967
1968 1967 1966
15 614 612
214 1518 614
212 612 1518
614 1518 612
102 1091 1087
501 1524 1091
214 1087 1524
1091 1524 1087
99 1070 1074
212 1520 1070
501 1074 1520
1070 1520 1074
214 1524 1518
501 1520 1524
212 1518 1520
1524 1520 1518
31 695 696
295 1749 695
296 696 1749
695 1749 696
100 1080 1076
502 1751 1080
295 1076 1751
1080 1751 1076
102 1088 1092
296 1753 1088
502 1092 1753
1088 1753 1092
295 1751 1749
502 1753 1751
296 1749 1753
1751 1753 1749
14 607 608
207 1502 607
208 608 1502
607 1502 608
99 1073 1069
500 1504 1073
207 1069 1504
1073 1504 1069
100 1075 1079
208 1506 1075
500 1079 1506
1075 1506 1079
207 1504 1502
500 1506 1504
208 1502 1506
1504 1506 1502
102 1092 1091
502 2070 1092
501 1091 2070
1092 2070 1091
100 1079 1080
500 2069 1079
502 1080 2069
1079 2069 1080
99 1074 1073
501 2068 1074
500 1073 2068
1074 2068 1073
502 2069 2070
500 2068 2069
501 2070 2068
2069 2068 2070
4 560 557
160 1370 560
157 557 1370
560 1370 557
56 829 827
378 1379 829
160 827 1379
829 1379 827
53 809 812
157 1372 809
378 812 1372
809 1372 812
160 1379 1370
378 1372 1379
157 1370 1372
1379 1372 1370
28 677 675
277 1687 677
275 675 1687
677 1687 675
122 1210 1208
387 1696 1210
277 1208 1696
1210 1696 1208
56 828 831
275 1689 828
387 831 1689
828 1689 831
277 1696 1687
387 1689 1696
275 1687 1689
1696 1689 1687
25 657 660
257 1634 657
260 660 1634
657 1634 660
53 814 810
380 1636 814
257 810 1636
814 1636 810
122 1207 1209
260 1645 1207
380 1209 1645
1207 1645 1209
257 1636 1634
380 1645 1636
260 1634 1645
1636 1645 1634
56 831 829
387 1948 831
378 829 1948
831 1948 829
122 1209 1210
380 1950 1209
387 1210 1950
1209 1950 1210
53 812 814
378 1947 812
380 814 1947
812 1947 814
387 1950 1948
380 1947 1950
378 1948 1947
1950 1947 1948
12 598 596
198 1475 598
196 596 1475
598 1475 596
94 1041 1039
483 1482 1041
198 1039 1482
1041 1482 1039
92 1027 1029
196 1477 1027
483 1029 1477
1027 1477 1029
198 1482 1475
483 1477 1482
196 1475 1477
1482 1477 1475
34 714 712
314 1799 714
312 712 1799
714 1799 712
131 1264 1262
490 1806 1264
314 1262 1806
1264 1806 1262
94 1040 1043
312 1801 1040
490 1043 1801
1040 1801 1043
314 1806 1799
490 1801 1806
312 1799 1801
1806 1801 1799
28 676 679
276 1691 676
279 679 1691
676 1691 679
92 1031 1028
485 1693 1031
276 1028 1693
1031 1693 1028
131 1261 1263
279 1701 1261
485 1263 1701
1261 1701 1263
276 1693 1691
485 1701 1693
279 1691 1701
1693 1701 1691
94 1043 1041
490 2054 1043
483 1041 2054
1043 2054 1041
131 1263 1264
485 2057 1263
490 1264 2057
1263 2057 1264
92 1029 1031
483 2053 1029
485 1031 2053
1029 2053 1031
490 2057 2054
485 2053 2057
483 2054 2053
2057 2053 2054
7 570 574
170 1404 570
174 574 1404
570 1404 574
66 882 879
412 1406 882
170 879 1406
882 1406 879
70 903 905
174 1415 903
412 905 1415
903 1415 905
170 1406 1404
412 1415 1406
174 1404 1415
1406 1415 1404
25 662 658
262 1638 662
258 658 1638
662 1638 658
124 1221 1219
414 1649 1221
262 1219 1649
1221 1649 1219
66 880 884
258 1640 880
414 884 1640
880 1640 884
262 1649 1638
414 1640 1649
258 1638 1640
1649 1640 1638
34 711 713
311 1795 711
313 713 1795
711 1795 713
70 907 904
423 1797 907
311 904 1797
907 1797 904
124 1220 1222
313 1804 1220
423 1222 1804
1220 1804 1222
311 1797 1795
423 1804 1797
313 1795 1804
1797 1804 1795
66 884 882
414 1983 884
412 882 1983
884 1983 882
124 1222 1221
423 1986 1222
414 1221 1986
1222 1986 1221
70 905 907
412 1984 905
423 907 1984
905 1984 907
414 1986 1983
423 1984 1986
412 1983 1984
1986 1984 1983
28 679 677
279 1695 679
277 677 1695
679 1695 677
131 1265 1261
524 1702 1265
279 1261 1702
1265 1702 1261
122 1208 1212
277 1697 1208
524 1212 1697
1208 1697 1212
279 1702 1695
524 1697 1702
277 1695 1697
1702 1697 1695
34 713 714
313 1803 713
314 714 1803
713 1803 714
124 1224 1220
526 1805 1224
313 1220 1805
1224 1805 1220
131 1262 1266
314 1807 1262
526 1266 1807
1262 1807 1266
313 1805 1803
526 1807 1805
314 1803 1807
1805 1807 1803
25 660 662
260 1644 660
262 662 1644
660 1644 662
122 1211 1207
523 1646 1211
260 1207 1646
1211 1646 1207
124 1219 1223
262 1650 1219
523 1223 1650
1219 1650 1223
260 1646 1644
523 1650 1646
262 1644 1650
1646 1650 1644
131 1266 1265
526 2094 1266
524 1265 2094
1266 2094 1265
124 1223 1224
523 2093 1223
526 1224 2093
1223 2093 1224
122 1212 1211
524 2092 1212
523 1211 2092
1212 2092 1211
526 2093 2094
523 2092 2093
524 2094 2092
2093 2092 2094
6 567 568
167 1394 567
168 568 1394
567 1394 568
63 864 861
402 1396 864
167 861 1396
864 1396 861
64 867 870
168 1398 867
402 870 1398
867 1398 870
167 1396 1394
402 1398 1396
168 1394 1398
1396 1398 1394
31 697 693
297 1742 697
293 693 1742
697 1742 693
136 1293 1291
404 1755 1293
297 1291 1755
1293 1755 1291
63 862 866
293 1744 862
404 866 1744
862 1744 866
297 1755 1742
404 1744 1755
293 1742 1744
1755 1744 1742
32 699 703
299 1760 699
303 703 1760
699 1760 703
64 872 868
406 1762 872
299 868 1762
872 1762 868
136 1292 1294
303 1773 1292
406 1294 1773
1292 1773 1294
299 1762 1760
406 1773 1762
303 1760 1773
1762 1773 1760
63 866 864
404 1972 866
402 864 1972
866 1972 864
136 1294 1293
406 1974 1294
404 1293 1974
1294 1974 1293
64 870 872
402 1973 870
406 872 1973
870 1973 872
404 1974 1972
406 1973 1974
402 1972 1973
1974 1973 1972
7 574 572
174 1410 574
172 572 1410
574 1410 572
70 906 903
418 1416 906
174 903 1416
906 1416 903
68 891 894
172 1412 891
418 894 1412
891 1412 894
174 1416 1410
418 1412 1416
172 1410 1412
1416 1412 1410
34 715 711
315 1796 715
311 711 1796
715 1796 711
137 1300 1298
424 1809 1300
315 1298 1809
1300 1809 1298
70 904 908
311 1798 904
424 908 1798
904 1798 908
315 1809 1796
424 1798 1809
311 1796 1798
1809 1798 1796
31 694 698
294 1746 694
298 698 1746
694 1746 698
68 896 892
420 1748 896
294 892 1748
896 1748 892
137 1297 1299
298 1757 1297
420 1299 1757
1297 1757 1299
294 1748 1746
420 1757 1748
298 1746 1757
1748 1757 1746
70 908 906
424 1991 908
418 906 1991
908 1991 906
137 1299 1300
420 1992 1299
424 1300 1992
1299 1992 1300
68 894 896
418 1990 894
420 896 1990
894 1990 896
424 1992 1991
420 1990 1992
418 1991 1990
1992 1990 1991
12 597 598
197 1479 597
198 598 1479
597 1479 598
93 1036 1033
487 1481 1036
197 1033 1481
1036 1481 1033
94 1039 1042
198 1483 1039
487 1042 1483
1039 1483 1042
197 1481 1479
487 1483 1481
198 1479 1483
1481 1483 1479
32 704 700
304 1764 704
300 700 1764
704 1764 700
138 1305 1303
489 1775 1305
304 1303 1775
1305 1775 1303
93 1034 1038
300 1766 1034
489 1038 1766
1034 1766 1038
304 1775 1764
489 1766 1775
300 1764 1766
1775 1766 1764
34 712 716
312 1800 712
316 716 1800
712 1800 716
94 1044 1040
491 1802 1044
312 1040 1802
1044 1802 1040
138 1304 1306
316 1811 1304
491 1306 1811
1304 1811 1306
312 1802 1800
491 1811 1802
316 1800 1811
1802 1811 1800
93 1038 1036
489 2059 1038
487 1036 2059
1038 2059 1036
138 1306 1305
491 2061 1306
489 1305 2061
1306 2061 1305
94 1042 1044
487 2060 1042
491 1044 2060
1042 2060 1044
489 2061 2059
491 2060 2061
487 2059 2060
2061 2060 2059
31 698 697
298 1754 698
297 697 1754
698 1754 697
137 1301 1297
536 1758 1301
298 1297 1758
1301 1758 1297
136 1291 1295
297 1756 1291
536 1295 1756
1291 1756 1295
298 1758 1754
536 1756 1758
297 1754 1756
1758 1756 1754
34 716 715
316 1808 716
315 715 1808
716 1808 715
138 1308 1304
538 1812 1308
316 1304 1812
1308 1812 1304
137 1298 1302
315 1810 1298
538 1302 1810
1298 1810 1302
316 1812 1808
538 1810 1812
315 1808 1810
1812 1810 1808
32 703 704
303 1772 703
304 704 1772
703 1772 704
136 1296 1292
537 1774 1296
303 1292 1774
1296 1774 1292
138 1303 1307
304 1776 1303
537 1307 1776
1303 1776 1307
303 1774 1772
537 1776 1774
304 1772 1776
1774 1776 1772
137 1302 1301
538 2105 1302
536 1301 2105
1302 2105 1301
138 1307 1308
537 2106 1307
538 1308 2106
1307 2106 1308
136 1295 1296
536 2104 1295
537 1296 2104
1295 2104 1296
538 2106 2105
537 2104 2106
536 2105 2104
2106 2104 2105
